-4.998717330847974154e+03 -4.997437954289264781e+03 -4.996165154465149499e+03 -4.994902198634523302e+03 -4.993652328786888575e+03 -4.992418753320219366e+03 -4.991204638805045761e+03 -4.990013101855915011e+03 -4.988847201131087786e+03 -4.987709929481002291e+03 -4.986604206265673383e+03 -4.985532869860737264e+03 -4.984498670371378466e+03 -4.983504262572855623e+03 -4.982552199095724063e+03 -4.981644923873275729e+03 -4.980784765867993883e+03 -4.979973933093142477e+03 -4.979214506944825189e+03 -4.978508436859072390e+03 -4.977857535307667604e+03 -4.977263473145559146e+03 -4.976727775321796798e+03 -4.976251816965010221e+03 -4.975836819853475390e+03 -4.975483849278825801e+03 -4.975193811311463833e+03 -4.974967450474692669e+03 -4.974805347833534142e+03 -4.974707919503141966e+03 -4.974675415580643858e+03 -4.974707919503141966e+03 -4.974805347833534142e+03 -4.974967450474692669e+03 -4.975193811311463833e+03 -4.975483849278825801e+03 -4.975836819853475390e+03 -4.976251816965010221e+03 -4.976727775321796798e+03 -4.977263473145559146e+03 -4.977857535307667604e+03 -4.978508436859072390e+03 -4.979214506944825189e+03 -4.979973933093142477e+03 -4.980784765867993883e+03 -4.981644923873275729e+03 -4.982552199095724063e+03 -4.983504262572855623e+03 -4.984498670371378466e+03 -4.985532869860737264e+03 -4.986604206265673383e+03 -4.987709929481002291e+03 -4.988847201131087786e+03 -4.990013101855915011e+03 -4.991204638805045761e+03 -4.992418753320219366e+03 -4.993652328786888575e+03 -4.994902198634523302e+03 -4.996165154465149499e+03 -4.997437954289264781e+03 -4.998717330847974154e+03 -5.000000000000000000e+03
-4.997437954289264781e+03 -4.994882485313123652e+03 -4.992340152923788082e+03 -4.989817483252038073e+03 -4.987320951954742668e+03 -4.984856967591934335e+03 -4.982431855176134377e+03 -4.980051839936133547e+03 -4.977723031336917302e+03 -4.975451407396761169e+03 -4.973242799341739556e+03 -4.971102876637051850e+03 -4.969037132433591978e+03 -4.967050869467102530e+03 -4.965149186446131353e+03 -4.963336964963717946e+03 -4.961618856966418207e+03 -4.959999272812819072e+03 -4.958482369952214867e+03 -4.957072042252492793e+03 -4.955771910004631536e+03 -4.954585310629464402e+03 -4.953515290110569367e+03 -4.952564595175271279e+03 -4.951735666243835112e+03 -4.951030631164939223e+03 -4.950451299753518470e+03 -4.949999159144997975e+03 -4.949675369977834634e+03 -4.949480763414178000e+03 -4.949415839006283932e+03 -4.949480763414178000e+03 -4.949675369977834634e+03 -4.949999159144997975e+03 -4.950451299753518470e+03 -4.951030631164939223e+03 -4.951735666243835112e+03 -4.952564595175271279e+03 -4.953515290110569367e+03 -4.954585310629464402e+03 -4.955771910004631536e+03 -4.957072042252492793e+03 -4.958482369952214867e+03 -4.959999272812819072e+03 -4.961618856966418207e+03 -4.963336964963717946e+03 -4.965149186446131353e+03 -4.967050869467102530e+03 -4.969037132433591978e+03 -4.971102876637051850e+03 -4.973242799341739556e+03 -4.975451407396761169e+03 -4.977723031336917302e+03 -4.980051839936133547e+03 -4.982431855176134377e+03 -4.984856967591934335e+03 -4.987320951954742668e+03 -4.989817483252038073e+03 -4.992340152923788082e+03 -4.994882485313123652e+03 -4.997437954289264781e+03 -5.000000000000000000e+03
-4.996165154465149499e+03 -4.992340152923788082e+03 -4.988534814100012227e+03 -4.984758906244006539e+03 -4.981022122057083834e+03 -4.977334053810657679e+03 -4.973704168723022121e+03 -4.970141784657136668e+03 -4.966656046201806930e+03 -4.963255901197654566e+03 -4.959950077768139636e+03 -4.956747061914594269e+03 -4.953655075732775913e+03 -4.950682056306867707e+03 -4.947835635335096413e+03 -4.945123119539273830e+03 -4.942551471908543135e+03 -4.940127293825490597e+03 -4.937856808120486676e+03 -4.935745843097774014e+03 -4.933799817574289591e+03 -4.932023726969641757e+03 -4.930422130482939792e+03 -4.928999139389395168e+03 -4.927758406486736021e+03 -4.926703116718528690e+03 -4.925835978998473365e+03 -4.925159219256660435e+03 -4.924674574725641833e+03 -4.924383289480976600e+03 -4.924286111247711233e+03 -4.924383289480976600e+03 -4.924674574725641833e+03 -4.925159219256660435e+03 -4.925835978998473365e+03 -4.926703116718528690e+03 -4.927758406486736021e+03 -4.928999139389395168e+03 -4.930422130482939792e+03 -4.932023726969641757e+03 -4.933799817574289591e+03 -4.935745843097774014e+03 -4.937856808120486676e+03 -4.940127293825490597e+03 -4.942551471908543135e+03 -4.945123119539273830e+03 -4.947835635335096413e+03 -4.950682056306867707e+03 -4.953655075732775913e+03 -4.956747061914594269e+03 -4.959950077768139636e+03 -4.963255901197654566e+03 -4.966656046201806930e+03 -4.970141784657136668e+03 -4.973704168723022121e+03 -4.977334053810657679e+03 -4.981022122057083834e+03 -4.984758906244006539e+03 -4.988534814100012227e+03 -4.992340152923788082e+03 -4.996165154465149499e+03 -5.000000000000000000e+03
-4.994902198634523302e+03 -4.989817483252038073e+03 -4.984758906244006539e+03 -4.979739452905057988e+03 -4.974772008099922459e+03 -4.969869323188171620e+03 -4.965043983291659970e+03 -4.960308374988695505e+03 -4.955674654517873932e+03 -4.951154716573185397e+03 -4.946760163770510189e+03 -4.942502276863863699e+03 -4.938391985787869999e+03 -4.934439841600769796e+03 -4.930655989400010185e+03 -4.927050142279921602e+03 -4.923631556398345310e+03 -4.920409007216210739e+03 -4.917390766971049743e+03 -4.914584583442283474e+03 -4.911997660062784234e+03 -4.909636637427764072e+03 -4.907507576248466648e+03 -4.905615941794403625e+03 -4.903966589864087837e+03 -4.902563754320269254e+03 -4.901411036221670656e+03 -4.900511394579116313e+03 -4.899867138759802401e+03 -4.899479922559175975e+03 -4.899350739955670178e+03 -4.899479922559175975e+03 -4.899867138759802401e+03 -4.900511394579116313e+03 -4.901411036221670656e+03 -4.902563754320269254e+03 -4.903966589864087837e+03 -4.905615941794403625e+03 -4.907507576248466648e+03 -4.909636637427764072e+03 -4.911997660062784234e+03 -4.914584583442283474e+03 -4.917390766971049743e+03 -4.920409007216210739e+03 -4.923631556398345310e+03 -4.927050142279921602e+03 -4.930655989400010185e+03 -4.934439841600769796e+03 -4.938391985787869999e+03 -4.942502276863863699e+03 -4.946760163770510189e+03 -4.951154716573185397e+03 -4.955674654517873932e+03 -4.960308374988695505e+03 -4.965043983291659970e+03 -4.969869323188171620e+03 -4.974772008099922459e+03 -4.979739452905057988e+03 -4.984758906244006539e+03 -4.989817483252038073e+03 -4.994902198634523302e+03 -5.000000000000000000e+03
-4.993652328786888575e+03 -4.987320951954742668e+03 -4.981022122057083834e+03 -4.974772008099922459e+03 -4.968586654036145774e+03 -4.962481937580924750e+03 -4.956473529453845003e+03 -4.950576853152397234e+03 -4.944807045360073971e+03 -4.939178917090728646e+03 -4.933706915668909460e+03 -4.928405087643785009e+03 -4.923287042731858492e+03 -4.918365918881012476e+03 -4.913654348545594985e+03 -4.909164426259082575e+03 -4.904907677587589205e+03 -4.900895029543905366e+03 -4.897136782538007537e+03 -4.893642583936059964e+03 -4.890421403295758864e+03 -4.887481509341609126e+03 -4.884830448739228814e+03 -4.882475026723160227e+03 -4.880421289627937767e+03 -4.878674509367229803e+03 -4.877239169900913112e+03 -4.876118955724812622e+03 -4.875316742412650456e+03 -4.874834589234495070e+03 -4.874673733870639808e+03 -4.874834589234495070e+03 -4.875316742412650456e+03 -4.876118955724812622e+03 -4.877239169900913112e+03 -4.878674509367229803e+03 -4.880421289627937767e+03 -4.882475026723160227e+03 -4.884830448739228814e+03 -4.887481509341609126e+03 -4.890421403295758864e+03 -4.893642583936059964e+03 -4.897136782538007537e+03 -4.900895029543905366e+03 -4.904907677587589205e+03 -4.909164426259082575e+03 -4.913654348545594985e+03 -4.918365918881012476e+03 -4.923287042731857582e+03 -4.928405087643785009e+03 -4.933706915668909460e+03 -4.939178917090728646e+03 -4.944807045360073971e+03 -4.950576853152397234e+03 -4.956473529453845003e+03 -4.962481937580924750e+03 -4.968586654036145774e+03 -4.974772008099922459e+03 -4.981022122057083834e+03 -4.987320951954741759e+03 -4.993652328786888575e+03 -5.000000000000000000e+03
-4.992418753320219366e+03 -4.984856967591934335e+03 -4.977334053810657679e+03 -4.969869323188171620e+03 -4.962481937580924750e+03 -4.955190860301819157e+03 -4.948014807441661105e+03 -4.940972199825224379e+03 -4.934081115725251948e+03 -4.927359244455798034e+03 -4.920823840964004376e+03 -4.914491681536903343e+03 -4.908379020736928396e+03 -4.902501549676682771e+03 -4.896874355740084866e+03 -4.891511883853263498e+03 -4.886427899404641721e+03 -4.881635452909386004e+03 -4.877146846508914678e+03 -4.872973602391482018e+03 -4.869126433214884855e+03 -4.865615214607222697e+03 -4.862448959816302704e+03 -4.859635796572762047e+03 -4.857182946226302192e+03 -4.855096705208581625e+03 -4.853382428870371768e+03 -4.852044517734447254e+03 -4.851086406199505291e+03 -4.850510553724115198e+03 -4.850318438513320871e+03 -4.850510553724115198e+03 -4.851086406199505291e+03 -4.852044517734447254e+03 -4.853382428870371768e+03 -4.855096705208581625e+03 -4.857182946226302192e+03 -4.859635796572762047e+03 -4.862448959816302704e+03 -4.865615214607222697e+03 -4.869126433214884855e+03 -4.872973602391482018e+03 -4.877146846508914678e+03 -4.881635452909386004e+03 -4.886427899404641721e+03 -4.891511883853262589e+03 -4.896874355740084866e+03 -4.902501549676682771e+03 -4.908379020736927487e+03 -4.914491681536903343e+03 -4.920823840964004376e+03 -4.927359244455798034e+03 -4.934081115725251948e+03 -4.940972199825224379e+03 -4.948014807441661105e+03 -4.955190860301819157e+03 -4.962481937580924750e+03 -4.969869323188171620e+03 -4.977334053810657679e+03 -4.984856967591934335e+03 -4.992418753320219366e+03 -5.000000000000000000e+03
-4.991204638805045761e+03 -4.982431855176134377e+03 -4.973704168723022121e+03 -4.965043983291659970e+03 -4.956473529453845003e+03 -4.948014807441661105e+03 -4.939689530673197623e+03 -4.931519070014516728e+03 -4.923524398920947533e+03 -4.915726039598527677e+03 -4.908144010323791917e+03 -4.900797774057146853e+03 -4.893706188481728532e+03 -4.886887457595999877e+03 -4.880359084984351284e+03 -4.874137828885644012e+03 -4.868239659175059387e+03 -4.862679716369651942e+03 -4.857472272762861394e+03 -4.852630695787740478e+03 -4.848167413702946760e+03 -4.844093883689578433e+03 -4.840420562440756839e+03 -4.837156879319444670e+03 -4.834311212153405904e+03 -4.831890865729444158e+03 -4.829902053042114858e+03 -4.828349879345064437e+03 -4.827238329045911087e+03 -4.826570255478331092e+03 -4.826347373577589678e+03 -4.826570255478331092e+03 -4.827238329045911087e+03 -4.828349879345064437e+03 -4.829902053042114858e+03 -4.831890865729444158e+03 -4.834311212153405904e+03 -4.837156879319444670e+03 -4.840420562440756839e+03 -4.844093883689578433e+03 -4.848167413702946760e+03 -4.852630695787740478e+03 -4.857472272762861394e+03 -4.862679716369651942e+03 -4.868239659175059387e+03 -4.874137828885644012e+03 -4.880359084984351284e+03 -4.886887457595999877e+03 -4.893706188481728532e+03 -4.900797774057146853e+03 -4.908144010323791917e+03 -4.915726039598527677e+03 -4.923524398920947533e+03 -4.931519070014516728e+03 -4.939689530673197623e+03 -4.948014807441661105e+03 -4.956473529453845003e+03 -4.965043983291659970e+03 -4.973704168723022121e+03 -4.982431855176134377e+03 -4.991204638805045761e+03 -5.000000000000000000e+03
-4.990013101855915011e+03 -4.980051839936133547e+03 -4.970141784657136668e+03 -4.960308374988695505e+03 -4.950576853152397234e+03 -4.940972199825224379e+03 -4.931519070014516728e+03 -4.922241729768921687e+03 -4.913163993887792458e+03 -4.904309164788942326e+03 -4.895699972691670155e+03 -4.887358517268617106e+03 -4.879306210916219243e+03 -4.871563723789396136e+03 -4.864150930741559932e+03 -4.857086860306147173e+03 -4.850389645850654233e+03 -4.844076479028534777e+03 -4.838163565648477743e+03 -4.832666084074325227e+03 -4.827598146262433147e+03 -4.822972761536480903e+03 -4.818801803192720399e+03 -4.815095978021399787e+03 -4.811864798822586636e+03 -4.809116559986940047e+03 -4.806858316204136827e+03 -4.805095864353579600e+03 -4.803833728623890238e+03 -4.803075148899386477e+03 -4.802822072443340403e+03 -4.803075148899386477e+03 -4.803833728623890238e+03 -4.805095864353579600e+03 -4.806858316204136827e+03 -4.809116559986940047e+03 -4.811864798822586636e+03 -4.815095978021399787e+03 -4.818801803192720399e+03 -4.822972761536480903e+03 -4.827598146262433147e+03 -4.832666084074325227e+03 -4.838163565648477743e+03 -4.844076479028534777e+03 -4.850389645850654233e+03 -4.857086860306147173e+03 -4.864150930741559932e+03 -4.871563723789396136e+03 -4.879306210916219243e+03 -4.887358517268617106e+03 -4.895699972691670155e+03 -4.904309164788942326e+03 -4.913163993887792458e+03 -4.922241729768921687e+03 -4.931519070014516728e+03 -4.940972199825224379e+03 -4.950576853152396325e+03 -4.960308374988695505e+03 -4.970141784657136668e+03 -4.980051839936133547e+03 -4.990013101855915011e+03 -5.000000000000000000e+03
-4.988847201131087786e+03 -4.977723031336917302e+03 -4.966656046201806930e+03 -4.955674654517873932e+03 -4.944807045360073971e+03 -4.934081115725251948e+03 -4.923524398920947533e+03 -4.913163993887792458e+03 -4.903026495636915570e+03 -4.893137926980934935e+03 -4.883523671733766605e+03 -4.874208409550742545e+03 -4.865216052576284710e+03 -4.856569684061778389e+03 -4.848291499111192934e+03 -4.840402747706569244e+03 -4.832923680159622563e+03 -4.825873495129480034e+03 -4.819270290339998610e+03 -4.813131016123170411e+03 -4.807471431907859369e+03 -4.802306065765575113e+03 -4.797648177117123851e+03 -4.793509722695862365e+03 -4.789901325854933930e+03 -4.786832249297279304e+03 -4.784310371298403879e+03 -4.782342165482962628e+03 -4.780932684207054081e+03 -4.780085545588900459e+03 -4.779802924221183275e+03 -4.780085545588900459e+03 -4.780932684207054081e+03 -4.782342165482962628e+03 -4.784310371298403879e+03 -4.786832249297279304e+03 -4.789901325854933930e+03 -4.793509722695862365e+03 -4.797648177117123851e+03 -4.802306065765575113e+03 -4.807471431907859369e+03 -4.813131016123170411e+03 -4.819270290339998610e+03 -4.825873495129479124e+03 -4.832923680159622563e+03 -4.840402747706569244e+03 -4.848291499111192934e+03 -4.856569684061778389e+03 -4.865216052576284710e+03 -4.874208409550742545e+03 -4.883523671733766605e+03 -4.893137926980934935e+03 -4.903026495636915570e+03 -4.913163993887792458e+03 -4.923524398920947533e+03 -4.934081115725251948e+03 -4.944807045360073971e+03 -4.955674654517873932e+03 -4.966656046201806930e+03 -4.977723031336917302e+03 -4.988847201131087786e+03 -5.000000000000000000e+03
-4.987709929481002291e+03 -4.975451407396761169e+03 -4.963255901197654566e+03 -4.951154716573185397e+03 -4.939178917090728646e+03 -4.927359244455798034e+03 -4.915726039598527677e+03 -4.904309164788942326e+03 -4.893137926980934935e+03 -4.882241002581740759e+03 -4.871646363840007325e+03 -4.861381207041435118e+03 -4.851471882696301691e+03 -4.841943827898081508e+03 -4.832821501026788610e+03 -4.824128318964668324e+03 -4.815886596985395045e+03 -4.808117491471086396e+03 -4.800840945604172703e+03 -4.794075638173532752e+03 -4.787838935626312377e+03 -4.782146847488502317e+03 -4.777013985268717079e+03 -4.772453524950657993e+03 -4.768477173170555034e+03 -4.765095137166397762e+03 -4.762316098576105105e+03 -4.760147191151879269e+03 -4.758593982447971939e+03 -4.757660459528850879e+03 -4.757349018734459605e+03 -4.757660459528850879e+03 -4.758593982447971939e+03 -4.760147191151879269e+03 -4.762316098576105105e+03 -4.765095137166397762e+03 -4.768477173170555034e+03 -4.772453524950657993e+03 -4.777013985268717079e+03 -4.782146847488502317e+03 -4.787838935626312377e+03 -4.794075638173532752e+03 -4.800840945604172703e+03 -4.808117491471086396e+03 -4.815886596985395045e+03 -4.824128318964667415e+03 -4.832821501026788610e+03 -4.841943827898081508e+03 -4.851471882696301691e+03 -4.861381207041435118e+03 -4.871646363840007325e+03 -4.882241002581740759e+03 -4.893137926980934935e+03 -4.904309164788942326e+03 -4.915726039598527677e+03 -4.927359244455798034e+03 -4.939178917090728646e+03 -4.951154716573185397e+03 -4.963255901197654566e+03 -4.975451407396761169e+03 -4.987709929481002291e+03 -5.000000000000000000e+03
-4.986604206265673383e+03 -4.973242799341739556e+03 -4.959950077768139636e+03 -4.946760163770510189e+03 -4.933706915668909460e+03 -4.920823840964004376e+03 -4.908144010323791917e+03 -4.895699972691670155e+03 -4.883523671733766605e+03 -4.871646363840007325e+03 -4.860098537889408362e+03 -4.848909836985566471e+03 -4.838108982363231007e+03 -4.827723699661311912e+03 -4.817780647751556899e+03 -4.808305350305614411e+03 -4.799322130276132157e+03 -4.790854047460087713e+03 -4.782922839304620538e+03 -4.775548865107314668e+03 -4.768751053754176610e+03 -4.762546855129454343e+03 -4.756952195322036459e+03 -4.751981435743410657e+03 -4.747647336262121826e+03 -4.743961022449380835e+03 -4.740931957019873153e+03 -4.738567915541114417e+03 -4.736874966473676068e+03 -4.735857455593531995e+03 -4.735517994836518483e+03 -4.735857455593531995e+03 -4.736874966473676068e+03 -4.738567915541114417e+03 -4.740931957019873153e+03 -4.743961022449380835e+03 -4.747647336262121826e+03 -4.751981435743410657e+03 -4.756952195322036459e+03 -4.762546855129454343e+03 -4.768751053754176610e+03 -4.775548865107314668e+03 -4.782922839304620538e+03 -4.790854047460087713e+03 -4.799322130276132157e+03 -4.808305350305613501e+03 -4.817780647751556899e+03 -4.827723699661311912e+03 -4.838108982363231007e+03 -4.848909836985566471e+03 -4.860098537889408362e+03 -4.871646363840007325e+03 -4.883523671733766605e+03 -4.895699972691670155e+03 -4.908144010323791917e+03 -4.920823840964004376e+03 -4.933706915668909460e+03 -4.946760163770510189e+03 -4.959950077768139636e+03 -4.973242799341738646e+03 -4.986604206265673383e+03 -5.000000000000000000e+03
-4.985532869860737264e+03 -4.971102876637051850e+03 -4.956747061914594269e+03 -4.942502276863863699e+03 -4.928405087643785009e+03 -4.914491681536903343e+03 -4.900797774057146853e+03 -4.887358517268617106e+03 -4.874208409550742545e+03 -4.861381207041435118e+03 -4.848909836985566471e+03 -4.836826313211205161e+03 -4.825161653950576692e+03 -4.813945802216706397e+03 -4.803207548940136803e+03 -4.792974459063020731e+03 -4.783272800780307080e+03 -4.774127478109666299e+03 -4.765561966963229679e+03 -4.757598254885264396e+03 -4.750256784610456634e+03 -4.743556401587709843e+03 -4.737514305604147012e+03 -4.732146006633501202e+03 -4.727465285022235548e+03 -4.723484156115597216e+03 -4.720212839414390146e+03 -4.717659732341669951e+03 -4.715831388686674472e+03 -4.714732501781343672e+03 -4.714365892452603475e+03 -4.714732501781343672e+03 -4.715831388686674472e+03 -4.717659732341669951e+03 -4.720212839414390146e+03 -4.723484156115597216e+03 -4.727465285022235548e+03 -4.732146006633500292e+03 -4.737514305604147012e+03 -4.743556401587709843e+03 -4.750256784610456634e+03 -4.757598254885264396e+03 -4.765561966963229679e+03 -4.774127478109666299e+03 -4.783272800780307080e+03 -4.792974459063020731e+03 -4.803207548940136803e+03 -4.813945802216706397e+03 -4.825161653950575783e+03 -4.836826313211205161e+03 -4.848909836985566471e+03 -4.861381207041435118e+03 -4.874208409550742545e+03 -4.887358517268617106e+03 -4.900797774057146853e+03 -4.914491681536903343e+03 -4.928405087643785009e+03 -4.942502276863863699e+03 -4.956747061914594269e+03 -4.971102876637051850e+03 -4.985532869860737264e+03 -5.000000000000000000e+03
-4.984498670371378466e+03 -4.969037132433591978e+03 -4.953655075732775913e+03 -4.938391985787869999e+03 -4.923287042731858492e+03 -4.908379020736928396e+03 -4.893706188481728532e+03 -4.879306210916219243e+03 -4.865216052576284710e+03 -4.851471882696301691e+03 -4.838108982363231007e+03 -4.825161653950576692e+03 -4.812663133064680551e+03 -4.800645503229401584e+03 -4.789139613528170230e+03 -4.778174999414830381e+03 -4.767779806896554874e+03 -4.757980720283449045e+03 -4.748802893690309247e+03 -4.740269886466371645e+03 -4.732403602718798538e+03 -4.725224235085149303e+03 -4.718750212899174585e+03 -4.712998154882972813e+03 -4.707982826486975682e+03 -4.703717101987245769e+03 -4.700211931437394014e+03 -4.697476312559949292e+03 -4.695517267649337555e+03 -4.694339825545746862e+03 -4.693947008726168860e+03 -4.694339825545746862e+03 -4.695517267649337555e+03 -4.697476312559949292e+03 -4.700211931437394014e+03 -4.703717101987245769e+03 -4.707982826486975682e+03 -4.712998154882972813e+03 -4.718750212899174585e+03 -4.725224235085149303e+03 -4.732403602718798538e+03 -4.740269886466371645e+03 -4.748802893690309247e+03 -4.757980720283449045e+03 -4.767779806896554874e+03 -4.778174999414830381e+03 -4.789139613528170230e+03 -4.800645503229401584e+03 -4.812663133064679641e+03 -4.825161653950576692e+03 -4.838108982363231007e+03 -4.851471882696301691e+03 -4.865216052576284710e+03 -4.879306210916219243e+03 -4.893706188481728532e+03 -4.908379020736927487e+03 -4.923287042731857582e+03 -4.938391985787869999e+03 -4.953655075732775913e+03 -4.969037132433591978e+03 -4.984498670371378466e+03 -5.000000000000000000e+03
-4.983504262572855623e+03 -4.967050869467102530e+03 -4.950682056306867707e+03 -4.934439841600769796e+03 -4.918365918881012476e+03 -4.902501549676682771e+03 -4.886887457595999877e+03 -4.871563723789396136e+03 -4.856569684061778389e+03 -4.841943827898081508e+03 -4.827723699661311912e+03 -4.813945802216706397e+03 -4.800645503229401584e+03 -4.787856944376144384e+03 -4.775612953704095162e+03 -4.763944961361704372e+03 -4.752882918917972347e+03 -4.742455222477197822e+03 -4.732688639786591011e+03 -4.723608241523843390e+03 -4.715237336941065223e+03 -4.707597414030262371e+03 -4.700708084363975104e+03 -4.694587032752649066e+03 -4.689249971847983034e+03 -4.684710601808772481e+03 -4.680980575132804915e+03 -4.678069466745061618e+03 -4.675984749419021682e+03 -4.674731774594162744e+03 -4.674313758638889340e+03 -4.674731774594162744e+03 -4.675984749419021682e+03 -4.678069466745061618e+03 -4.680980575132804915e+03 -4.684710601808772481e+03 -4.689249971847983034e+03 -4.694587032752649066e+03 -4.700708084363975104e+03 -4.707597414030262371e+03 -4.715237336941065223e+03 -4.723608241523843390e+03 -4.732688639786591011e+03 -4.742455222477197822e+03 -4.752882918917972347e+03 -4.763944961361704372e+03 -4.775612953704095162e+03 -4.787856944376144384e+03 -4.800645503229401584e+03 -4.813945802216706397e+03 -4.827723699661311912e+03 -4.841943827898081508e+03 -4.856569684061778389e+03 -4.871563723789396136e+03 -4.886887457595999877e+03 -4.902501549676682771e+03 -4.918365918881012476e+03 -4.934439841600769796e+03 -4.950682056306867707e+03 -4.967050869467102530e+03 -4.983504262572855623e+03 -5.000000000000000000e+03
-4.982552199095724063e+03 -4.965149186446131353e+03 -4.947835635335096413e+03 -4.930655989400010185e+03 -4.913654348545594985e+03 -4.896874355740084866e+03 -4.880359084984351284e+03 -4.864150930741559932e+03 -4.848291499111192934e+03 -4.832821501026788610e+03 -4.817780647751556899e+03 -4.803207548940136803e+03 -4.789139613528170230e+03 -4.775612953704095162e+03 -4.762662292209678526e+03 -4.750320873207237128e+03 -4.738620376942348230e+03 -4.727590838421114313e+03 -4.717260570310731964e+03 -4.707656090261283680e+03 -4.698802052835308132e+03 -4.690721186219890114e+03 -4.683434233883737761e+03 -4.676959901328985325e+03 -4.671314808074445864e+03 -4.666513444993542180e+03 -4.662568137116440084e+03 -4.659489011991877305e+03 -4.657283973689886807e+03 -4.655958682512164160e+03 -4.655516540462156627e+03 -4.655958682512164160e+03 -4.657283973689886807e+03 -4.659489011991877305e+03 -4.662568137116440084e+03 -4.666513444993542180e+03 -4.671314808074445864e+03 -4.676959901328985325e+03 -4.683434233883736852e+03 -4.690721186219890114e+03 -4.698802052835308132e+03 -4.707656090261283680e+03 -4.717260570310731964e+03 -4.727590838421114313e+03 -4.738620376942348230e+03 -4.750320873207237128e+03 -4.762662292209678526e+03 -4.775612953704095162e+03 -4.789139613528170230e+03 -4.803207548940136803e+03 -4.817780647751556899e+03 -4.832821501026788610e+03 -4.848291499111192934e+03 -4.864150930741559932e+03 -4.880359084984351284e+03 -4.896874355740084866e+03 -4.913654348545594985e+03 -4.930655989400010185e+03 -4.947835635335096413e+03 -4.965149186446130443e+03 -4.982552199095724063e+03 -5.000000000000000000e+03
-4.981644923873275729e+03 -4.963336964963717946e+03 -4.945123119539273830e+03 -4.927050142279921602e+03 -4.909164426259082575e+03 -4.891511883853263498e+03 -4.874137828885644012e+03 -4.857086860306147173e+03 -4.840402747706569244e+03 -4.824128318964668324e+03 -4.808305350305614411e+03 -4.792974459063020731e+03 -4.778174999414830381e+03 -4.763944961361704372e+03 -4.750320873207237128e+03 -4.737337707790321474e+03 -4.725028792710379093e+03 -4.713425724775882372e+03 -4.702558288895806982e+03 -4.692454381622195797e+03 -4.683139939540109481e+03 -4.674638872688782612e+03 -4.666973003184900335e+03 -4.660162009205533650e+03 -4.654223374474544471e+03 -4.649172343382113468e+03 -4.645021881852614570e+03 -4.641782644061265273e+03 -4.639462945085019783e+03 -4.638068739557880690e+03 -4.637603606385439889e+03 -4.638068739557880690e+03 -4.639462945085019783e+03 -4.641782644061265273e+03 -4.645021881852614570e+03 -4.649172343382113468e+03 -4.654223374474544471e+03 -4.660162009205533650e+03 -4.666973003184900335e+03 -4.674638872688782612e+03 -4.683139939540109481e+03 -4.692454381622195797e+03 -4.702558288895806982e+03 -4.713425724775882372e+03 -4.725028792710379093e+03 -4.737337707790321474e+03 -4.750320873207237128e+03 -4.763944961361704372e+03 -4.778174999414830381e+03 -4.792974459063020731e+03 -4.808305350305613501e+03 -4.824128318964668324e+03 -4.840402747706569244e+03 -4.857086860306147173e+03 -4.874137828885644012e+03 -4.891511883853262589e+03 -4.909164426259082575e+03 -4.927050142279921602e+03 -4.945123119539272921e+03 -4.963336964963717946e+03 -4.981644923873275729e+03 -5.000000000000000000e+03
-4.980784765867993883e+03 -4.961618856966418207e+03 -4.942551471908543135e+03 -4.923631556398345310e+03 -4.904907677587589205e+03 -4.886427899404641721e+03 -4.868239659175059387e+03 -4.850389645850654233e+03 -4.832923680159622563e+03 -4.815886596985395045e+03 -4.799322130276132157e+03 -4.783272800780307080e+03 -4.767779806896554874e+03 -4.752882918917972347e+03 -4.738620376942348230e+03 -4.725028792710379093e+03 -4.712143055623855616e+03 -4.699996243185071762e+03 -4.688619536087346205e+03 -4.678042138174632782e+03 -4.668291201475671187e+03 -4.659391756505119702e+03 -4.651366648010579411e+03 -4.644236476330459482e+03 -4.638019544513201254e+03 -4.632731811333616861e+03 -4.628386850326938657e+03 -4.624995814945757047e+03 -4.622567409929259156e+03 -4.621107868958295512e+03 -4.620620938653604753e+03 -4.621107868958295512e+03 -4.622567409929259156e+03 -4.624995814945757047e+03 -4.628386850326938657e+03 -4.632731811333616861e+03 -4.638019544513201254e+03 -4.644236476330459482e+03 -4.651366648010579411e+03 -4.659391756505119702e+03 -4.668291201475671187e+03 -4.678042138174632782e+03 -4.688619536087346205e+03 -4.699996243185071762e+03 -4.712143055623855616e+03 -4.725028792710378184e+03 -4.738620376942348230e+03 -4.752882918917972347e+03 -4.767779806896554874e+03 -4.783272800780307080e+03 -4.799322130276132157e+03 -4.815886596985395045e+03 -4.832923680159622563e+03 -4.850389645850654233e+03 -4.868239659175059387e+03 -4.886427899404641721e+03 -4.904907677587589205e+03 -4.923631556398345310e+03 -4.942551471908543135e+03 -4.961618856966418207e+03 -4.980784765867993883e+03 -5.000000000000000000e+03
-4.979973933093142477e+03 -4.959999272812819072e+03 -4.940127293825490597e+03 -4.920409007216210739e+03 -4.900895029543905366e+03 -4.881635452909386004e+03 -4.862679716369651942e+03 -4.844076479028534777e+03 -4.825873495129480034e+03 -4.808117491471086396e+03 -4.790854047460087713e+03 -4.774127478109666299e+03 -4.757980720283449045e+03 -4.742455222477197822e+03 -4.727590838421114313e+03 -4.713425724775882372e+03 -4.699996243185071762e+03 -4.687336866935320359e+03 -4.675480092463897563e+03 -4.664456355940821595e+03 -4.654293955139643003e+03 -4.645018976797467985e+03 -4.636655229650678848e+03 -4.629224183318247015e+03 -4.622744913189531871e+03 -4.617234051458026443e+03 -4.612705744426759338e+03 -4.609171616194932540e+03 -4.606640738819032777e+03 -4.605119609024983220e+03 -4.604612131531151135e+03 -4.605119609024983220e+03 -4.606640738819032777e+03 -4.609171616194932540e+03 -4.612705744426759338e+03 -4.617234051458026443e+03 -4.622744913189531871e+03 -4.629224183318247015e+03 -4.636655229650678848e+03 -4.645018976797467985e+03 -4.654293955139642094e+03 -4.664456355940821595e+03 -4.675480092463897563e+03 -4.687336866935319449e+03 -4.699996243185071762e+03 -4.713425724775882372e+03 -4.727590838421114313e+03 -4.742455222477197822e+03 -4.757980720283449045e+03 -4.774127478109666299e+03 -4.790854047460087713e+03 -4.808117491471086396e+03 -4.825873495129479124e+03 -4.844076479028534777e+03 -4.862679716369651942e+03 -4.881635452909386004e+03 -4.900895029543904457e+03 -4.920409007216210739e+03 -4.940127293825490597e+03 -4.959999272812819072e+03 -4.979973933093142477e+03 -5.000000000000000000e+03
-4.979214506944825189e+03 -4.958482369952214867e+03 -4.937856808120486676e+03 -4.917390766971049743e+03 -4.897136782538007537e+03 -4.877146846508914678e+03 -4.857472272762861394e+03 -4.838163565648477743e+03 -4.819270290339998610e+03 -4.800840945604172703e+03 -4.782922839304620538e+03 -4.765561966963229679e+03 -4.748802893690309247e+03 -4.732688639786591011e+03 -4.717260570310731964e+03 -4.702558288895806982e+03 -4.688619536087346205e+03 -4.675480092463897563e+03 -4.663173686788794839e+03 -4.651731909428906874e+03 -4.641184131262617484e+03 -4.631557428285202150e+03 -4.622876512105135589e+03 -4.615163666509751238e+03 -4.608438690263072203e+03 -4.602718846282674349e+03 -4.598018817326020326e+03 -4.594350668300034158e+03 -4.591723815290656603e+03 -4.590145001391887490e+03 -4.589618279396361686e+03 -4.590145001391887490e+03 -4.591723815290656603e+03 -4.594350668300034158e+03 -4.598018817326020326e+03 -4.602718846282674349e+03 -4.608438690263072203e+03 -4.615163666509751238e+03 -4.622876512105135589e+03 -4.631557428285202150e+03 -4.641184131262617484e+03 -4.651731909428906874e+03 -4.663173686788794839e+03 -4.675480092463897563e+03 -4.688619536087346205e+03 -4.702558288895806982e+03 -4.717260570310731964e+03 -4.732688639786591011e+03 -4.748802893690309247e+03 -4.765561966963229679e+03 -4.782922839304620538e+03 -4.800840945604172703e+03 -4.819270290339998610e+03 -4.838163565648476833e+03 -4.857472272762861394e+03 -4.877146846508914678e+03 -4.897136782538007537e+03 -4.917390766971049743e+03 -4.937856808120486676e+03 -4.958482369952214867e+03 -4.979214506944825189e+03 -5.000000000000000000e+03
-4.978508436859072390e+03 -4.957072042252492793e+03 -4.935745843097774014e+03 -4.914584583442283474e+03 -4.893642583936059964e+03 -4.872973602391482018e+03 -4.852630695787740478e+03 -4.832666084074325227e+03 -4.813131016123170411e+03 -4.794075638173532752e+03 -4.775548865107314668e+03 -4.757598254885264396e+03 -4.740269886466371645e+03 -4.723608241523843390e+03 -4.707656090261283680e+03 -4.692454381622196706e+03 -4.678042138174632782e+03 -4.664456355940821595e+03 -4.651731909428906874e+03 -4.639901462110591638e+03 -4.628995382574466930e+03 -4.619041666570285997e+03 -4.610065865144274539e+03 -4.602091019049960778e+03 -4.595137599602893715e+03 -4.589223456131066087e+03 -4.584363770155950078e+03 -4.580571016421744389e+03 -4.577854930872889781e+03 -4.576222485662035069e+03 -4.575677871252624755e+03 -4.576222485662035069e+03 -4.577854930872889781e+03 -4.580571016421744389e+03 -4.584363770155950078e+03 -4.589223456131066087e+03 -4.595137599602893715e+03 -4.602091019049960778e+03 -4.610065865144273630e+03 -4.619041666570285997e+03 -4.628995382574466930e+03 -4.639901462110591638e+03 -4.651731909428906874e+03 -4.664456355940820686e+03 -4.678042138174632782e+03 -4.692454381622195797e+03 -4.707656090261283680e+03 -4.723608241523843390e+03 -4.740269886466371645e+03 -4.757598254885264396e+03 -4.775548865107314668e+03 -4.794075638173532752e+03 -4.813131016123170411e+03 -4.832666084074325227e+03 -4.852630695787740478e+03 -4.872973602391482018e+03 -4.893642583936059054e+03 -4.914584583442283474e+03 -4.935745843097774014e+03 -4.957072042252492793e+03 -4.978508436859072390e+03 -5.000000000000000000e+03
-4.977857535307667604e+03 -4.955771910004631536e+03 -4.933799817574289591e+03 -4.911997660062784234e+03 -4.890421403295758864e+03 -4.869126433214884855e+03 -4.848167413702946760e+03 -4.827598146262433147e+03 -4.807471431907859369e+03 -4.787838935626312377e+03 -4.768751053754176610e+03 -4.750256784610456634e+03 -4.732403602718798538e+03 -4.715237336941065223e+03 -4.698802052835308132e+03 -4.683139939540109481e+03 -4.668291201475671187e+03 -4.654293955139643003e+03 -4.641184131262617484e+03 -4.628995382574466930e+03 -4.617758997418259241e+03 -4.607503819433538411e+03 -4.598256173515110277e+03 -4.590039798237417017e+03 -4.582875784917954661e+03 -4.576782523476169445e+03 -4.571775655226790150e+03 -4.567868032728805701e+03 -4.565069686793122855e+03 -4.563387800733627046e+03 -4.562826691927709362e+03 -4.563387800733627046e+03 -4.565069686793122855e+03 -4.567868032728805701e+03 -4.571775655226790150e+03 -4.576782523476169445e+03 -4.582875784917954661e+03 -4.590039798237417017e+03 -4.598256173515110277e+03 -4.607503819433538411e+03 -4.617758997418259241e+03 -4.628995382574466930e+03 -4.641184131262617484e+03 -4.654293955139642094e+03 -4.668291201475671187e+03 -4.683139939540109481e+03 -4.698802052835308132e+03 -4.715237336941065223e+03 -4.732403602718797629e+03 -4.750256784610456634e+03 -4.768751053754176610e+03 -4.787838935626312377e+03 -4.807471431907859369e+03 -4.827598146262433147e+03 -4.848167413702946760e+03 -4.869126433214884855e+03 -4.890421403295757955e+03 -4.911997660062784234e+03 -4.933799817574289591e+03 -4.955771910004631536e+03 -4.977857535307667604e+03 -5.000000000000000000e+03
-4.977263473145559146e+03 -4.954585310629464402e+03 -4.932023726969641757e+03 -4.909636637427764072e+03 -4.887481509341609126e+03 -4.865615214607222697e+03 -4.844093883689578433e+03 -4.822972761536480903e+03 -4.802306065765575113e+03 -4.782146847488502317e+03 -4.762546855129454343e+03 -4.743556401587710752e+03 -4.725224235085149303e+03 -4.707597414030262371e+03 -4.690721186219890114e+03 -4.674638872688782612e+03 -4.659391756505119702e+03 -4.645018976797467985e+03 -4.631557428285202150e+03 -4.619041666570285997e+03 -4.607503819433538411e+03 -4.596973504363084430e+03 -4.587477752526681797e+03 -4.579040939383105069e+03 -4.571684722110691837e+03 -4.565427984013678724e+03 -4.560286786049024158e+03 -4.556274325598168616e+03 -4.553400902589542056e+03 -4.551673893058797148e+03 -4.551097730214629337e+03 -4.551673893058797148e+03 -4.553400902589542056e+03 -4.556274325598168616e+03 -4.560286786049024158e+03 -4.565427984013678724e+03 -4.571684722110691837e+03 -4.579040939383105069e+03 -4.587477752526680888e+03 -4.596973504363084430e+03 -4.607503819433538411e+03 -4.619041666570285997e+03 -4.631557428285202150e+03 -4.645018976797467985e+03 -4.659391756505119702e+03 -4.674638872688782612e+03 -4.690721186219890114e+03 -4.707597414030262371e+03 -4.725224235085149303e+03 -4.743556401587710752e+03 -4.762546855129454343e+03 -4.782146847488502317e+03 -4.802306065765575113e+03 -4.822972761536480903e+03 -4.844093883689578433e+03 -4.865615214607222697e+03 -4.887481509341609126e+03 -4.909636637427764072e+03 -4.932023726969640848e+03 -4.954585310629464402e+03 -4.977263473145559146e+03 -5.000000000000000000e+03
-4.976727775321796798e+03 -4.953515290110569367e+03 -4.930422130482939792e+03 -4.907507576248466648e+03 -4.884830448739228814e+03 -4.862448959816302704e+03 -4.840420562440756839e+03 -4.818801803192720399e+03 -4.797648177117123851e+03 -4.777013985268717079e+03 -4.756952195322036459e+03 -4.737514305604147012e+03 -4.718750212899174585e+03 -4.700708084363975104e+03 -4.683434233883737761e+03 -4.666973003184900335e+03 -4.651366648010579411e+03 -4.636655229650678848e+03 -4.622876512105135589e+03 -4.610065865144274539e+03 -4.598256173515110277e+03 -4.587477752526681797e+03 -4.577758270231078313e+03 -4.569122676399956617e+03 -4.561593138478828223e+03 -4.555188984683547460e+03 -4.549926654385057191e+03 -4.545819655909761423e+03 -4.542878531863841999e+03 -4.541110832070544348e+03 -4.540521094189884934e+03 -4.541110832070544348e+03 -4.542878531863841999e+03 -4.545819655909761423e+03 -4.549926654385057191e+03 -4.555188984683547460e+03 -4.561593138478828223e+03 -4.569122676399956617e+03 -4.577758270231078313e+03 -4.587477752526681797e+03 -4.598256173515110277e+03 -4.610065865144274539e+03 -4.622876512105135589e+03 -4.636655229650678848e+03 -4.651366648010579411e+03 -4.666973003184900335e+03 -4.683434233883737761e+03 -4.700708084363975104e+03 -4.718750212899174585e+03 -4.737514305604147012e+03 -4.756952195322036459e+03 -4.777013985268717079e+03 -4.797648177117123851e+03 -4.818801803192720399e+03 -4.840420562440756839e+03 -4.862448959816302704e+03 -4.884830448739227904e+03 -4.907507576248466648e+03 -4.930422130482939792e+03 -4.953515290110569367e+03 -4.976727775321796798e+03 -5.000000000000000000e+03
-4.976251816965010221e+03 -4.952564595175271279e+03 -4.928999139389395168e+03 -4.905615941794403625e+03 -4.882475026723160227e+03 -4.859635796572762047e+03 -4.837156879319444670e+03 -4.815095978021399787e+03 -4.793509722695862365e+03 -4.772453524950657993e+03 -4.751981435743410657e+03 -4.732146006633501202e+03 -4.712998154882972813e+03 -4.694587032752649066e+03 -4.676959901328985325e+03 -4.660162009205533650e+03 -4.644236476330459482e+03 -4.629224183318247015e+03 -4.615163666509751238e+03 -4.602091019049960778e+03 -4.590039798237417017e+03 -4.579040939383105069e+03 -4.569122676399956617e+03 -4.560310469326802377e+03 -4.552626938972812241e+03 -4.546091808850207599e+03 -4.540721854544284724e+03 -4.536530860650730574e+03 -4.533529585390763714e+03 -4.531725732994929785e+03 -4.531123933926459358e+03 -4.531725732994929785e+03 -4.533529585390763714e+03 -4.536530860650730574e+03 -4.540721854544284724e+03 -4.546091808850207599e+03 -4.552626938972812241e+03 -4.560310469326802377e+03 -4.569122676399956617e+03 -4.579040939383105069e+03 -4.590039798237416107e+03 -4.602091019049960778e+03 -4.615163666509751238e+03 -4.629224183318247015e+03 -4.644236476330459482e+03 -4.660162009205533650e+03 -4.676959901328985325e+03 -4.694587032752649066e+03 -4.712998154882972813e+03 -4.732146006633501202e+03 -4.751981435743410657e+03 -4.772453524950657993e+03 -4.793509722695861456e+03 -4.815095978021399787e+03 -4.837156879319444670e+03 -4.859635796572762047e+03 -4.882475026723160227e+03 -4.905615941794403625e+03 -4.928999139389394259e+03 -4.952564595175271279e+03 -4.976251816965010221e+03 -5.000000000000000000e+03
